0
1
2
3
4
5
yZfqS2EMpb=0.399358
SWoJwK1C6EzH=0.153645
sK2FyT=0.112698
yZfqS2EMpb=0.399358
SWoJwK1C6EzH=0.153645
sK2FyT=0.112698
6
yZfqS2EMpb=0.399358
SWoJwK1C6EzH=0.153645
sK2FyT=0.112698
sK2FyT=0.112698
SWoJwK1C6EzH=0.153645
yZfqS2EMpb=0.399358
7
8
9
yZfqS2EMpb=0.399358
SWoJwK1C6EzH=0.153645
sK2FyT=0.112698
IEL2KtGpsCr=0.795706
iRVsWglay7=0.863901
sK2FyT=0.112698
SWoJwK1C6EzH=0.153645
yZfqS2EMpb=0.399358
